1
11
111
1112
11121112511
111211125114544
111215
111221112521251431
1112211125212514311215425221
111221112521251431355215
111234
1112341132
1112341154
1112341311534124
111234251125214
1112343115
1112345215
1112355215
111251113454
111253134
1112533112
111253454
1113124
11131244444
11134112
111341134
1113424134
111342511
111342511251214251214
1113431234
11134321511
111352
111352252
112
1121
112111211535
112111213445
112111214
1121112145434
112111215215
11211135
11211152
1121121121
11211211254444
112112154
1121122111
112112211134
112112212511121
112112212512134
1121122134
112112225134
1121122513511
112112341234
11211241344
11211251112454
112112512
1121132
11211324
1121132534
112113412512
112113533434
112113534
11211512454
1121152352
112121112111
1121211212
112121121241252
112121251
11212135454431234
112121451343425111
112121531535
11212154
1121215432511154444
1121215435451
1121224314311134
11212432511134
11212432534
11212511
11212511134
11212511135
112125111535
112125112
11212511211
1121251125111
112125112511135
112125112535
1121251134435112
11212511355112
1121251141251234
1121251144512134
11212512121354251
1121252132522
11212522112513534
112125232411121
11212534
112125342534531
11212535
1121311234
11213121353121352534
11213123422
11213123453
11213134
112132154
112132511
11213251113251
1121325113554
1121325125214
112132535414544
1121332112
112134
1121341251122
11213432
112134333
1121344311354
11213443311252
112134454
112135
11213511
1121351252
1121352511
112135253425111354
11213534
112135351
1121354
11213541134
1121354132522111
1121354251
11213544311252
11213545325121
11214
112141251234
11214134
112141341121
11214134522554
112141431251112
112141431251121515111
112141533152134
11214154325
1121431121
112143344334
112144112154
112144511234
1121445125111
112144535455
11214511534
112145115452
1121451512
112145341234
11215113251
1121512115154
112151515
1121521251152
112153251
112153254
1121533134
11215331341344
11215331342511134
1121533134251214
11215331342534
112153313435251211
112153313435251214444
11215331344444
1121533134454
1121533134551
112154
1121551
112155414
1121554234
1121555325341
11221154
1122132515
11222
11225221
11234
112343134132511211
112454
11252
1132
113222
113222121
1132333
11324
1132454
113252
1132534
1134
113411341512
113411342511
1134251
11342511135
1134251214
11342535
1135
1135132511134
1135132534
113525125115
113534
1135454
115
1152
11523443321511
1152454
1152534
1153425221
1154
1154325113554
1154454
115453
12
121
12111134112
121111341134
121112
1211121115
121112154
12111234
121112343534
1211134
121113411341512
1211135
12111534
1211154
1211154333121251
1211154333122513511
121115433312343454
12111543331354
121115433313544
121115433325211
12111543332522112513534
12111543333115
1211154333333132511134
121115433344511234
121115433344512332511134
12111543334453212134
1211154333555253415445445
1211154511112
12112
121121
121121121
121121121121135
121121121135
121121121135454
121121121135541541
12112112124
121121124
12112112432511252
121121222511134
12112124
121121251
121121251132511134
121121251132534
12112125145154121
121121315
12112132511
121121431112454
1211214544
121122111122111122111
121122111343312
121122111345
12112211152
1211221115454
12112212511
1211221251113432411121
121122125113134
121122134
1211222511134
12112225121
121122341234
121122341251
121122431
1211224553
1211225111134
12112251112315
1211225111234112
1211225221413534
121123425111
1211234341252511
1211234534
121124
12112431252511
121124454
121125111
1211251112534
1211251124
1211251124124
1211251134
121125115315
12112511534
12112512
1211251251
12112512512515
121125125314252212511135
121125221121
1211254
121125431234
1211254444
1211254444121121121135
121125444412211134
121125444412211154323334
12112544441221122112
121125444412512512515
121125444413412512
12112544441344
12112544441345
12112544442113525121122134
12112544442153152512125221
12112544442512115
1211254444251251251112
121125444425134
12112544442522112143112
1211254444313425125251
1211254444322
12112544443412512513434
121125444434125134
12112544443434
121125444435251
1211254444354251
121125444441121
1211254444415334
1211254444443251112
121125444444535
1211254444451325122
12112544445134
1211254444525
121125444454
12112544445434354
1211254444544251214
1211311534
12113121121
121131251534
1211312515344544
1211324
12113241
12113251
121132511134
121132511454544354
121132534
1211331234312342121
1211332511234
12113411234
121134115
12113412512
12113425115
121134315233534
1211343434
121134432511234
121134454
1211345
12113534
1211354
12113544
1211355
12113553
121135534
12114312
121143134
121145244441221251123511
1211452444425121
12115
12115112134
1211515
1211521534
121153135
1211534
1211535
121153532511
12115534
12121
12121112111
121211352511
12121154444
1212115444452
1212121
1212121233
12121251
12121251112
121213134
1212134
1212134112
121213412211154
121213415534
121213424
12121342432511
121213424325251
12121342511112
121213434
121213434333
121213435511
12121343552335523
1212134515
121213452
121213453251
1212153151353334
12121531522431
1212153152512153
12121531553
121222511134
121222534
121223142535
121224314311134
1212343
12124
1212425221
1212432511
121243452511523
1212434525125121
121243452513112
121243511
121251
12125111
1212511112
1212511121
121251112134
121251112211154
12125111251113241112154
1212511134
121251113533
12125112
1212511211
121251121251
12125112141
121251122111
121251124124
12125112511125431234
12125112511354251
12125112512531
121251125221
121251132511134
121251132534
12125113533
121251135345
12125113535
121251153
1212511541541
12125121
12125121122134534
1212512134
121251213432
12125121354251
12125121554234
1212512341
1212512511
1212512511134
1212512512511234
1212512534
1212513234454
1212513414544
1212513534
1212514311254
121251431251
121251431251121251431251
1212514312514444
121251431333
12125143153251
12125145154121
1212515215
12125153
1212515322
121251534
121252132522
1212522112143112
1212522112154
121252212511134
121252215425113535
1212522155444432411121
12125232411121
121252324111212534251
1212534
1212534125221
121311222214444
121311531153115
121312
12131212211
1213121353121352511134
1213121353121352534
121312154
121312251
121312321511
121312344334
1213125125221
1213134
12131431425111134554234
121315
12131525
12132
12132113434511452511135
12132121
121321511254
121322
1213234
12132341213234
121323412132511
12132343134
121323452
12132345254
12132411121
1213241112153
12132411121534
12132511
12132511134
1213251115252
12132511312
121325113554
121325114444
1213251152
1213251154444
12132515112
12132534
1213312
1213312251
1213312251214
12133123534
12133124
12133124111251
1213312454
121331251
1213324
121335
121335154121
1213352511
1213353115
1213354
1213354143554
12134
121341121
12134112251
121341213544444
1213412135453
12134121454
121341251
121341251122
1213412512513434
1213414431
121341534
121343123425121
1213434121
1213435
121344134522554
121344311354
12134431234
1213443124
1213443311252
12134434554
12134435112
1213445113251
12134454
12134454544
1213453
1213455
12135112
121351234
1213513344111251
12135154
1213521
12135213134
12135251
121352511
12135251153535251354
121352512112511
121352512144442511
1213525134
1213525135
121352513544
121352534134
12135311252
12135311345452134
12135321511
1213534
121354
1213541
121354121
121354122125112
121354251214
1213543112
12135431234
121354413444444
1213544311252
1213544444
1213544544
1213545252
12135453
1213551
121355112
12135515
1213552
1213553
1213554
12141121
12141251234
12141251251112213534
1214125125251
12141251451353334
121412515213134
1214125221241343534
1214125251125111
121413
12141312212512134
12141321251
12141323544
1214134
121413432
1214135
1214135112251
12141351125112
121413534534
12141354
12141431
12141431251
121414312511211
12141431251121515111
12141431251135
12141431531
12141432512251
12141432533543211
12141432534251
1214153
121415425113134
1214155332411121
1214155425121
12141554413412
121425
121425354251
12143111
121431112454
121431113121
12143112
12143112354
12143112354121
12143112354251214
121431123543112
121431125254
121431132
12143113452
12143113455
121431234531
1214312345313134
121431251122
12143125351113452
12143251112
12143251212511
12143252343134
121432524312511
121433443344553
1214412
121443452535
12144512
1214453212134
12144534121
121445345
12144535
12144535445411234
12144545442522112
121445531
12145112343554
121451251112
121451251431
1214512514314135344544
1214513
121451312343554
12145131344
1214513533434
121451353554
121451512
1214515213554
121452155121
1214522431
12145341234
1214535
1214544
1215
121511
121511352
12151145252
121511534
12151211251124
12151312251
121513154121
121513241343112
1215134
121513431132
12151352252
12151515
12151532
121515515122134
12152
1215211
1215213
12152133554122111
1215213355413251
12152133554311252
12152133554312342511
1215215
12152252
121525
121525341
1215254
12153
12153251
12153254
121533
12153544
12154
12154112
12154132
12154134333
12154154132411121
12154154132511
12154251
1215425112
1215431134
1215432411121
121543341134
121543345153554
1215434
121544251214
1215452
121545231234
1215453
1215454541234
12154545434333
12154545454
12155121
121551214544
12155414
12155453
122
1221
12211
122111
1221111121122522114544
122111122111122111
12211112252214544
1221112121
122111234
12211123412212511
122111234251125214
1221112511121
1221112512115
12211125134
122111312251
12211132535414544
12211134
12211134121
1221113413251
1221113431234
122111343312
122111343511
122111343534
12211134454
122111345
1221113451534
1221113454412
12211134553
12211134554234
12211135352
122111414312511534
122111431134
122111432514544
1221114334
1221114535
1221114544
12211152
12211154
12211154323334
12211154531
1221115454
1221115454132534
12211155455453221
122112
12211212511
1221122112
12211234
1221123411234
122112512134
122113222
1221134
1221135
1221152
1221154
1221211154122134
12212121154444
12212125145154121
12212132511
122121335
122121341213541154
12212134354
12212141431
1221215425221
12212211
122122111
12212211134
122122111345
122122151234
12212251
122122513511
12212341
1221234341252511
12212343454
12212431252511
1221245521
12212511
12212511121
122125111212535
1221251112152
1221251112153
1221251112454
1221251113432411121
122125111343534
12212511134511534
122125112
122125112121121
122125112125221134515454
122125112134454
122125112144544
1221251122432511
12212511225111
12212511225134
122125112312344334
122125112321251134
1221251123235
1221251123312
12212511235431234
1221251124
122125112445531
1221251125215
12212511253
122125112545231234
122125113134
1221251132511154444
1221251135451
12212512
1221251211251211
1221251211354444
12212512134
12212512531425221
1221251431
1221252
122125221251112
12212523422
122125351
1221253511324111214444
12213125125534
122131531534
122132121
12213251
122132514544
122132521
122134
12213411234
1221342444
122134315233534
12213434234
1221343434
1221344132
122134515
12213513125125534
122135333431121
12213534
122135435132
12214312
1221431234
122143134
1221452444425121
1221452444432411121
12215
12215112531
1221512454
1221515
1221523
122152511134
1221555121
12221112111
12221123454
1222121
1222121233132511134
12221251
1222145252
1222153152512125221
1222231425221
122245252
12225111
122251112
1222511121124
12225111234
1222511134
1222511134121
12225111341211254444
12225111342444
12225111342511
1222511134252
12225111343112
122251113453
1222511134551
1222511135
122251122111
12225112511
12225112511125431234
122251125214
1222511252142512134
122251125214454
12225112522154
12225113511
122251135345
12225121
122251214
122251251
122251251115
12225125132411121132511134
12225125132411121132534
122251251324111212511135
122251251324111213534
1222512513241112135451
1222512513241112153
1222512534
12225134
122251341
12225211
1222522112132511
12225221134534
12225221354
1222522145135435
1222522145354
1222522155444432411121
122252511
122252554444251214
12225312341
1222534
1222535
12225525251
122311222214444
122311234
1223113432411121
122312
1223121534
1223123422
122312343533424134
122312344334
1223123453
12231234531
122312511211
12231254312114444
122313425125251
122313432
1223155414
1223211212511
12232124
1223212512
122321344
12232151134
122322511234
122323121
1223235
12232411121321511
122324111214444
1223241431
1223241431251
122325113554
1223251141341234
122325115215
122325115545541234
1223251514143112
1223251514143112521
1223253411535
12232535414544
1223312
1223322521353134
12234
122341121
1223411234
122341154
122341234
1223412524312511
122343123425121
1223432
1223434
12234431234
1223443531
12234435333251135
1223445
1223445113251
12234454
1223453
1223455
122351143113424134
122351251124
12235125125121
1223515
12235251
122352511
1223525121122
12235251211431112
1223525121444422
1223525121444431234
12235251214444431112
122352513134
1223525131341211254444
1223525131343112
1223525131344111251
12235251354
12235311252
1223531344
122353344544
1223534
1223534334
122354
1223541112454
122354251
12235431234
12235445411234
12235455
12235515
1224111251251135345
122412121
122412354124
1224124
1224125113534
1224125125251
1224131221252
12241312214444
1224131234123413251
1224131234123421112111
122413432
122413434
12241343412
1224135221154444
122413534
1224143112
1224143112343312
12241431251
1224143125114544
1224143135251
122414345252
1224143454153
122415
1224153
122415325
12241533444
1224155425121
12242532411121
122431
122431121
1224312511
12243125111534
1224313
1224314544
1224315112234
122432511123312
12243252343134
1224411251124
1224411251124124
12244112512
12244114312
1224412343
122441251113533
1224412512512511234
1224413241431
122441343123425121
122441354251
122441415
12244153254
122441533
12244155
1224451135
12244511352154
122445125111
12244525151
12244532132511
1224453434251
12244535455
1224511214
1224511353334
122451234
122451251112
1224513
122451512
12245251135345
12245251214
12245251251
122452534
1224535451
122454
122454334
1224544
122454445444544
1224553
12245554234
1225
12251
12251111
122511111225111112251111
1225111134
1225111134132511134
1225111134132534
122511121152
122511121251124
122511121534
12251112315
1225111234112
12251112344412
1225111234541541
122511123511
122511124
12251112521251152
1225112321155212
12251123234
122512115154
1225125112512511
122512511534
1225125132511134
1225125132534
12251255154444
12251311234124
122513134
1225135
122513511
12251351132511154444
12251351135451
12251351225135
122513522
1225135451
122514143112
122515
1225154151541
12252
122521214154325
122521234
122521251152
1225213121
12252133544124
1225215
12252252
1225234451154
122523511
12252413452
12252414313
1225241431331121
1225253414444
12253112251
1225311311534124
122531251
12253251
1225344
122535353
12254121
12254154134333
12254251
122543112
1225431121344
122543341134
1225434
12254523
12254545434333
122551251125221
122551354
1225544442534125221
122554444354
122554554
123
1234
12341
1234111215
1234111253134
123411134112
1234111342511
12341113431234
123411134321511
1234111352
1234112
12341121
12341122125211
123411234
12341123451124134
12341132534
123411342511135
123411534
1234121
1234121121
1234121213415534
1234121251
12341212511134
1234121251431124
123412125145154121
123412132511
123412134354
123412211
123412211134
1234122111345
123412211152
12341221122112
1234122112512134
123412212511121
123412212512134
12341222511134
123412225125132411121
1234122431
12341224511353334
123412251
123412251111
123412252
1234122543112
1234123
12341234
1234123411234
123412341234
1234123425111
12341234333
12341234354
1234123441352211535
123412344334
1234123452
1234123452134
12341234531
1234124
123412431252511
1234125111
12341251112454
123412511234
12341251134
123412512
123412512125111345
123412512212511
12341251251
123412512512515
123412512531425221
1234125125314252212511135
123412512554121
123412522111234
123412534
1234125351
12341254
1234125431234
1234131251431124
123413211234534
12341324
123413251
1234134
123413412512
12341345
123413545
123414312
123415
123415112531
12341515
123415234
1234153135
123415341534
12341535
1234153532511
1234154121
123421123454
123421251112
1234212511134
1234212534
12342231425221
1234223142535
1234224314311134
123424
12342432511
12342434525125121
1234243511
1234251
12342511
123425111
12342511112
123425111234
123425111342511134531
1234251113533
1234251114544
123425111535
1234251122111
123425112511125431234
123425112511251251
123425112512531
12342511541541
123425121
1234251251
123425134
123425221
1234252214153
123425342534531
12343112
1234311234
12343112521234453444445235333
123431132411121
1234311531153115
123431211
12343121251
1234312344334
12343134
1234313425125251
1234313432
12343143145115452
12343155414
12343211152511134112
1234323512
123432411121
12343241112112
1234324111214444
123432511
12343251113124
123432511252
1234325113554
12343251141533134
1234325151454
12343312
1234331232511
123433153
123433155
1234332112
1234333
12343354
1234341
1234341121
1234341154
1234341251122
12343412512513434
123434125134
12343412524312511
1234341252511
12343414431
1234341534
123434341234134
1234343412341343112
12343434354
123434343541134
12343434354132522111
1234343435435431234
1234344134522554
12343445113251
12343454
12343455
123435
123435113511
12343513344111251
1234351355
123435154
123435234
123435251
1234352512112511
123435251353334
1234353251214
12343534
123435351
123435351124412
123435352
1234354
1234354251
12343545325121
12343554
12344
123441121
12344125113534
123441251234
12344125125251
123441251521
123441252
12344125251125111
1234413121
1234413121251431124
1234413434
12344135
12344143112
123441431251112
12344143454153
12344153
1234415334
12344154325
1234425251251
123443111
1234431112
1234431113121
12344311212534
123443112145534
123443122431
1234431234531
1234431253511124
12344351523
123444153441234
1234443134112
1234443531
12344444
123444511234
123444512
123444512332511134
123444525151
12344453212134
12344453431211
12344453434251
12344454
123444545442522112
1234445531
123445115452
12344532411121
12344535
12345
123451124134
12345114334
1234511534
1234511541535
123451221113134
12345133115
1234515
1234521
123452131212511
123452132511
1234521325111
12345215
123452251541
123453251
1234533
1234535425221
123454
123454124
1234541541
123454251
12345425112
1234543341251431
12345434354
1234544
12345452
12345452312344544
1234545232534251
1234551353334
1234551551353334
1234554554134534
12345554234
12354
124
1241344
12413443134
1241344413534
12431252511
12431534
124454
1244544
12454
1245521
124552153
1245554234
1251
125111
1251112
1251112112
1251112112154
12511121154
12511121212513534
12511121221115
125111212511121251112
125111212511214124
12511121251124
1251112125125121
125111212523434
12511121555121
1251112251122111
125111225121
125111231134
1251112313425125251
12511123312
125111233122511
1251112341251122
125111234125122
125111235
12511123525135
12511123534
125111235543112
12511123554554234
1251112413434
125111241352211535
1251112415425113134
12511124451112251
1251112454
12511125
12511125131221534
12511125235543112
1251112523554554234
125111254121
125111254545454
125112124
12511214124
125112144544
12511234
1251124
125112441533134
1251124544
1251125
1251134
125113431121
1251153334
12511534
125115344544
12512
12512125111345
1251212512
12512125123534
12512125345
12512152
1251221
12512212511
12512212511454
12512214544
1251234
1251234132511134
125123422
12512343134
1251234313412121
1251234352511134
1251234352534
1251234454
1251245132511234
125124513251251214251214
1251245251251112213524
125125
1251251
12512512122
125125121454
12512512515
125125125151554
1251251251532511154444
125125125153534
125125125153554
12512524
125125312125344444125221
12512531251251251
1251253142511135
12512531425221
125125314252212511135
1251253142522134112431
12512534
1251254312251214
12512554121
125125541251431
125125542511
125125542511134
12512554554234
125134
1251431
1251431121
12514311254
1251431132511134
125143144535455
1251431454
12515
12515112
1252
125211
12522111234
1252211123422
1252211123433544
12522111234353251214
125221112343534
1252211211554
1252211221251123511
1252211234
125221134515454
125221251112
1252212511134
1252212534
125221332312511354
125221431234
125221531
125234125234
12523422
12523434
12523444
12524444
12525
125252
12534
1253434
125344
125351
1253511
1253511112
12535111154
125351112
12535111213521
125351112211
125351112212511
1253511122341121
1253511122513511
125351113425115
1253511251112134
1253511251131121
12535112512211251431
1253511251251
12535112534125221
125351131211
12535113121251
1253511312135
125351131234
125351131254312114444
12535113155414
1253511324111214444
1253511325113554
12535113452
12535113453
1253511352511
1253511354
1253511354251
125351141251251112213534
125351141251521
125351141343412
12535114135112251
1253511415432525221
1253511431234454
1253511434242
12535114511534
1253511515
125351154154134333
12535115434354
125351454
12535353
1254
1254125441352211535
1254254
125425435451
125425452
125431234
125441
12544134
1254541541
13
1311345
131134535541253511
13113453554541541
1311534
1311534124
1311534251
13115342511
1311534251214
1312
13121
131214
13122111343312
1312212511
13122251125214
1312225112521453
13123412342121
13123425111
131251431124
131251534
1312515344544
131325111354
131344
131344132522111
131344325113554
13153
131531534
131534
1315353
13211234534
132112345342512134
132121
1322
13221545252
1324
13241
132412121
1324125221531
1324152
1324251
132425221
132435112
1324454
1324531521
1325
13251
132511
13251111534
1325111212534
132511132
132511134
1325111354
132511154
132511211
13251121121
132511211254444
1325112154
132511215425221
1325112211134553
132511221251124124
1325112212512134
13251122151234
132511224411251124124
132511234123452134
13251123425111
13251125111344
13251125111344121
13251125111344325113554
1325112511214124
132511251134
1325112525
13251125351
1325113122251125214
13251131251534
1325113153
13251132511134
132511325113251
13251132534
1325114312
132511454544354
132511512
13251152
132511521
132511535
132511553
1325121251
132512343
132512432511
1325125111124
132512511135
1325125112
13251251135345
1325125122134
13251251251
13251252134334
132512534
132512535
1325132411121
13251324111214444
1325132511312
13251325115545541234
132513312
1325134121
132513454
1325135
1325135113511
1325135121251
1325135154
1325135234
1325135311345452134
132513534
132513535112
13251354
1325135515
13251413
1325141312212512134
1325141343412
1325141431251
132514143454153
132514154325
13251431113121
1325143122431
13251431234354152
13251431554554
1325144115151234
1325144512134
1325144535
1325144535455
132514532411121
1325151124134
132515131221534
1325152252
1325153254
13251551
13251554554134534
13252
132521
132522
132522111
1325221112511135
132522124
132522513
132534
13253422
1331234312342121
1331234312342511
133125
133232411121
1332324111212534
1332511234
1332511234132511134
13325112344544
1334
134
13411234
134115
1341211154
134121121
13412132
13412132511
134122111
134124
13412512
13425115
1342511535451
13425121
13425234343434
1342523434343411214
13425234343434454
134315233534
13432411121124
1343241112125121
134334
13433425221
13434234
1343434
1343434132511134
13434343434
1344
134413441344353251214
1344134413443534
134432511234454
13444544
134453112
134454
1345
13451554
13453
134534
13453534
134535451
13453554
135
13511541535
13512512531425221
13513125125534
1352231425221
1353
135333412132511
1353334454
13534
13534121
13534122111
13534122134
1353432
13534413534
1354
135411534
135412251111
13541251211251211
135415341534
135422
135422413534
1354224444
13542512511134
13542512534
135425134
1354311234
1354312
135431251113533
135431533
135432411121
13543414431
135434333344511534
135434341211121111534
135435
1354352511
13543554
135444512332511134
13544453212134
135454251
1355
1355132534
135534
13553425221
14312
1431234
143134
143134132534
14334
1441324111215
14513251225
145244441122431
145244441154
145244441221251123511
14524444122125113134
1452444412341234
14524444123425111
145244441311534
14524444132522
145244441331234312342121
145244441353
1452444421112111
145244442432511
1452444425115
1452444425121
145244442512121354251
145244442512512511234341
14524444312154
145244443155414
1452444432151135
1452444432411121
1452444434435332511211
1452444434454
145244443453
1452444435453
1452444435515
145244444111251251135345
145244444134
14524444413432
1452444441431531
1452444441432533543211
145244444411251
1452444444121251
1452444445251135345
14524444511
14524444512115154
145244445132514143112
145244445452335453
1454454
15
151
15112531
1512
1512454
15125454
1513
15132511134
15132534
1515
151534
1521112
1521112154
15211154
15211212513534
15211221115
15211251124
152112512
1521125125121
15211253434
15211355
152125111535
1521251122111
152125121
152131134
1521313432
15213312
15213312121
152133122511
1521341251122
15213435
152135
15213534
1521413434
152141352211535
1521415425113134
15214451112251
15215
15215131221534
152154121
152154545454
1523
152332411121
152332511154444
152335451
15234
152352
1525
1525132511134
1525132534
152552
153
153135
153135541541
1532512134
1534
1534153425221
153422
153454
1535
153512
1535135435
153515352511251214251214
153532511
15354444
154
154121
1541211113431234
15412122
1541213134
15412152
15431511154444
15435451
1545412511
1551
1553
1554
1555121132511134
1555121454
155512153
2
211
21112111
211121111
211121111251112
211121111512
21112111251214
211121114134
21112111413534
211121114544
21112111541541
21123454
2112345425111
21124
21135
211352511
2113525121122134
2114544
2121
2121112
21211254
2121131233534
2121131234534
2121233
2121233132511134
2121233132534
212123313253432511312
21212343
21212511
212134341343452
21213434134345234454
21213434134345235251
212134341343452511534
21213452
212134522512134
21213452325125214
2121345234454
2121345235515
21213452511534
21213452513154121
212135
21213511
2121351234
21213532411121
212135554234
212143123452
21214312345234452
21251
21251112
2125111234
212511134
212511534
212514444
212515
212534
2125341
21253444441
21253444441131251534
212534444413412512513434
2135454344511534
2135454431234
21451343425111
2145134342511154
21451343425154121
21513
21513132534
21531512512543121344
21531512514311534
215315135333422
2153151353334454
215315151
21531522431
215315224312511135
215315224312535
215315225211
2153152511134
215315251212511
2153152512125221
2153152512125221132511134
215315251214544
2153152512153
21531532411121115
21531535
21531535333
21531535435
2153154134
2153154544
21531553
223142521
2231425221
223142535
2231434112431
22431
2243143111234
22431431121124
224314311212211154
2243143112321511355434112431
224314311252
2243152
22511
2251135
2254121
22542511
22542534
225441431
2254554234
231252
23252
234
234121
234134
2343
23432411121
234325111
234353
23511
24
243135
243135451251112
243135451512
24313554154132411121
2432511
243251122
2432511454
24325251
243252513134
243451154
24345251121
243452511234
243452512511134
2434525125121
243452512512122
24345251252
243452512534
24345251254312114444
243452513112
2434525135
24345251352511
24345251413534
243511
251
2511
25111
25111111215
25111112
2511111212511
2511112
25111121
251111212511
2511112132511
2511112134121
251111215
251111215425221
2511112212523434
251111221253434
25111122132515
2511112225121
251111224511353334
251111225111134
251111234
2511112343554234
25111123435542344544
2511112522111234
251111253134
25111134
2511113431234
2511113434234
25111134432511234
251111431234
2511115112134
251111525
25111154
251112
2511121
2511121121121135
2511121124
25111212135
25111212511134
25111212534
251112132511
251112134
251112134132511134
251112134132534
25111213435
2511121454
251112152
2511121533134
251112211154
2511122112
251112211212112
251112213424134
25111234
25111234132511134
25111234132534
251112343312
25111234354354
2511124
2511124345251121
251112511132411121
25111251113241112154
251112511211
251112512341
25111251251
2511125351
25111254125441352211535
25111311534
2511131212211
25111312344334
2511132151135
2511132411121
25111324111214444
2511132511312
2511134
251113411212154
25111341122125211
2511134113534
251113412111534
2511134121252212511134
251113412132511
2511134123
251113412512513434
25111341311534
2511134132511
251113413513125125534
251113414431
25111341534
251113415341534
251113421251
251113422
25111342511134311252
25111342511134531
2511134251113453132511154444
251113425113533
25111343134
25111343354
25111343454
25111343513344111251
2511134354251
251113441431251
2511134431234
25111344315112234
2511134432511234
2511134432524312511
25111344345354152
2511134435112
251113444512
251113453
251113454
251113454251
2511135
251113513344111251
25111355112
2511135534
251114111251322
25111414312511211
2511141554
25111431234
25111431234454
251114351523
251114451112251
2511145244441154
251114525114134
251114535
25111511534
2511151221113134
251115132125
25111513241342522135251214
25111513325125214
2511151515
251115234
2511153
2511153135
25111535
2511154
2511154251
25111543112
25111543341134
25111543341251431
25111544544
25112
251121
2511211
251121121
2511211254444
25112114444
25112115452
25112115452121
251121222511134
251121222534
251121251
251121251431251
251121251431333
2511213234
25112132341213234
25112132511
2511213251152
2511213352511
2511213521
25112141
25112141431
251121431112454
251121451251431
251121525
2511215425221
25112155121
251121551214544
25112211
251122111343312
2511221122112
25112212511134
25112212511253
2511221251211354444
25112213251
251122134
251122151234
251122251135345
25112225121
2511223212512
25112234
251122341251
251122431
2511224553
2511225
25112251
2511225111134
251122511123511
25112251113533
2511225251152
251122543112
2511232511154444
2511234
25112341234
2511234123411234
251123425111
25112343434354
2511235451
251124
2511243135
25112452512152124
2511245554234
25112511
251125111
251125111121
251125111132
25112511121121
251125111211254444
2511251112132511
251125111215425221
25112511122111
2511251112213424134
25112511123
251125111234
2511251112511534
251125111251431124
25112511125431234
2511251113425115
251125111354
25112511153
2511251124
25112511251
251125112511
2511251125112
25112511251214
25112511251251251
25112511251251251112
25112511321534
2511251134
251125113425135
251125113511
2511251135321511
25112511354251
251125114134
25112511414312511
25112511415334
25112511431134
251125114315233534
251125114325135
25112511441312251
251125114544
251125115132514143112
2511251155455453212
25112512
25112512212511
251125123422
25112512343534
2511251245251251112213534
2511251251
25112512512515
25112512531
251125125313134
2511251254312
251125134
251125214
251125214454
2511252144544
25112522111234
25112522112132511
25112522154
25112525
25112533
251125351
2511254
251131121
25113121
251131211
251131251534
25113132
25113155414
2511321
2511323512
25113241
251132411121454
25113251111534
251132511211
25113252
2511325251
25113312
251134121121
25113413252
2511341534
2511344
2511344311354
251134432511234
25113443451354
25113443454544354
25113445251
251134454
2511345
2511351
25113511
2511351125221
25113525135
2511352514444
251135252135
25113533
2511353322
25113533434
25113534
2511353453534
251135345454
251135352
25113541
251135422
251135424251
2511355
25113552
251141251234
251141251234132534
251141251234333
2511413
251141312212512134
25114134
251141431
2511414312511
25114153
25114311213123415534
25114334
2511445125111
2511445531
2511451251112
2511451512
25114525114134
25115
2511512115154
251151335
251151534
2511521
2511521251152
2511521531535
2511521531535344511534
2511523
2511525
2511525132511134
251153
251153251
2511532514444
2511535
251153512
251154154132411121
2511541541454
2511543341134
25115545544444132511134
2512
25121
251211113124
25121112111
2512112
25121121121
2512112151211251124
25121122134
25121124
25121132
2512113412512
251211534
251211535
25121211113124
251212111212511134
25121211134
251212111534
2512121121121121135
251212112151211251124
25121211221115454
251212112212132511
251212112212523434
25121211221253434
25121211222511251132411121
251212112242532411121
251212113251
2512121134115
2512121134315233534
251212113544
25121211515
2512121153135
251212115341534
25121212121
2512121224314311134
25121212511
251212125111234
251212125113533
2512121251153
25121212511541541
25121212512512511234
2512121252132522
251212125235113511
251212125342511
251212131134
251212131134251
2512121312454
2512121312511211
25121213134
251212133234342134
251212134
2512121341534
251212134431234
25121213443321511
25121213443554134
25121213452
25121213455
251212135
2512121351234
2512121351355
251212135351
2512121353535112
2512121354
2512121354251
251212135425132511154444
251212135425135451
251212135515
2512121412512341354
2512121413122154
251212141321251
2512121413234
2512121413432
2512121413434
251212141432533543211
2512121414345252
2512121431113121
2512121431253511124
2512121432524312511
251212144511234
2512121445342512512
251212144535
25121214511534
2512121511534
251212151312251
251212153254
251212154154132411121
251212154251
25121215425112
2512121542511253
2512121543341251431
2512121545231234
251212511
251212511134
251212511134454
251212512125121121
2512125121251214525111
251212512125121554234
2512125132541
2512125151454
251212534
251212534454
2512134
251213432
25121354251
251214
2512141112
25121411212511
251214121
251214121121
2512141211254444
25121412212511
25121412212523434
2512141221253434
2512141221344132
251214122151234
2512141222511134
25121412225221134534
251214122513511
25121412343312
251214124
25121412512
251214125125121
25121413122251125214
25121413153
25121414524444132522
2512141523
251214154121
251214231252
25121424345251121
25121425111
2512142511134
2512142511135
25121425112141
2512142511251211511
25121425113533
251214251135345
2512142511353453534
251214251212511
251214251214251214
25121425121425121425221
25121425121554234
251214251221
25121425125115
251214251251251121
2512142512534
25121425221
251214252511
25121425525251
2512143112
251214311234
25121431134251
2512143115
25121431211
2512143121534
251214312154
2512143123422
251214312344412
25121432121
251214321554
251214325111121
25121432511312
2512143411234
251214341251
2512143425135
251214343123425121
25121434312344544
2512143454
2512143513344111251
2512143541112
25121441121
25121441251451353334
2512144134
251214413434
25121441431251112
2512144143454153
251214415
25121441554413412
2512144311213121534
25121443113455
251214431234531
25121443251112
2512144325135
251214434
2512144412
25121444535
25121444535455
25121445115452
251214451325122
2512144535455
2512145
251214512115154
2512145152
25121452125221
251214525111
25121454
2512145425112
251214544
251214551
251214555253415445445
2512152
2512153
2512153151353334
25121531522431
251215315225211
25121531535
25121554234
251221
2512211251431
2512211311534
25122134
251224314311134
25122511
251225221
251231
2512341
2512343
25124
251241
251243135
2512432511
2512434525125121
25124345251352511
25124544
251251
25125111
2512511122112
2512511134
251251113453
251251115132511134
251251115132534
25125111552
25125112
2512511211
25125112115452
25125112141241
2512511241
25125112511
25125112512531
251251132511134251251
251251132511154444
251251132534251251
2512511344
2512511344251251
2512511351221113134
251251135345
251251135451
25125115341
2512512
251251211534
251251212511
251251214
25125121432411121
2512512251251
25125124544
251251251
2512512511
251251251112
2512512511121534
25125125111252
2512512512112511344
2512512512511234
251251341
2512513414544
25125135
251251551
251252
25125213251
251252132522
25125221354
2512522155444432411121
25125235113511
2512534
251253422
25125342534531
251253452
251253453
251254312114444
25125525251
2513112
251311222214444
25131211
25131212211
2513121534
251312343533424134
251312344334
2513143141234341
251315
251321234
25132124
251321511254
2513225122511
251323512
251323554234
25132411121
2513251
251325111
2513251111344
25132511154444
251325113
25132511312
25132511354
2513251154444
251325131134
251325251
251325431234134
2513312
25133225111124
251333534
25133544
25134
251341
25134112251
251341251
251341251122
2513413252
2513414544
2513425221
25134312
2513432511154444
2513434121
2513434354354
2513435451
251344134522554
25134432522151154124
2513443451354
2513445
2513445113251
251344511534
25134454
25134454544
2513453
2513454541541
2513455
25135
251352512112511
251352512144442511
2513525134
251352534134
25135311252
2513533
2513534
251354
251354251
251354354
25135444
25135451
2513551
25135515
2514111251
25141251251112213534
25141251451353334
2514125152
25141312341234
251413434
2514135
25141431251121515111
25141432512251
251414345252
251415334
25141542511
251431112
251431113121
251431134
251431234
251431234531
251432
251432524312511
25143344334
251433443344553
2514413155414
25144153254
2514451122134121
25144512
25144512134
251445125111
251445315
251445354251
25144535445411234
25144545434252
25144545442522112
25145115452
25145131344
25145534
25151
2515112321155212
25151123234
251511352
251511534
251511541535
2515115452
251513154121
251513241342522135251214
2515132514143112
25151325222
251513325125214
25151335
2515134
25152
2515212512
2515215
2515221251214
25152252
2515251
25153
2515322
25153251
251532511234
25154
2515431134
251543341251431
2515434354
2515435
2515454541234
25154545454
251551
251551353334
251551354
251554
251554444354
25155453
251554554134534
252
2521
25211
25212111534
252121124
2521213534
252122113534
252122451234
2521224553
25212251111341325111134
2521225111134132534
25212343454
25212511123312
252125125121
25212512512515
2521251431
25212514312511135
252125143135
2521254
25213112
25213121121
252131531534
25213251
252132522132534
25213412512
252134334
2521343434
2521345
252143134
252151
25215213312
25221
252211211254444
2522112121
2522112132511
2522112143112
2522112154
252211221251121211254444
25221122125112551
2522112251111
2522112513234454
2522121112111
2522121251112
2522122
25221251
252212511134
252212534
25221323434
2522135251214
25221354
25221354454
25221411125122
2522144232411121
252214522
252215425113535
2522155444432411121
2522155444432411121454
2522432511
2522511135
25225111535
25225112
25225112141
2522511243135
252251125111
25225112522154
25225121
252251214544
252251251
2522512511351221113134
25225134
252252
2522534
2522535
25225431252
2523121534
2523122113534
25231234531325113554
252313432
252315
2523154
2523211152511134
25232411121
25232511
25232511154444
252325113554
252341251
25234125122
252343123425121
2523434251
2523445
25234454
25234454132511134
25235113511
252352511
252353251214
2523534
25235341112511344
252354
2523541112
252355112
2524125125251
25241431251112
252414312511211
252414312511534
252431113121
252431234354152
25244511234
25244534121
25251
252511
25251122525111
252511454
2525125111341
2525125341
252513154121
25251352252
25251454
252515
25251515
2525152535
25251535
252521325111
2525221125135341
2525434354
2534
25341
253411212154
2534113534
253411534
253412132511
2534123
253412544134
25341311534
2534132511
253421251
253422
2534251
25342511
253425113533
253425342534
25342534311252
25342534531
2534253453135451
25343134
25343154
25343354
253434
25343411234
25343454
25343513344111251
2534354251
25343554
2534413121
253441431251
2534415334
25344315112234
2534432524312511
25344451
25344541
253454251
2535
25351
2535331
25354441
254311345151
25431134551
254312114444
254312114444121
254312114444121251
2543121144441344
25431211444421251
2543121144443445
254312114444414312511
25431211444452252
25431211444455453
25431252
2543125222
25431415
2544341
255211
255212511521
25525251454
255311
255452511
255452511122135435132
25545251112251
255452511131212511454
25545251125112512531
2554525112512211251431
25545251135154
255452511354251
25545251135451
2554525113554
2554525114135
255452511415334
255452511431234531
25545251144512225111354
2554525114451222535
255452511445354251
255455452
3
31115111253134
311151113124
3111511214
3111511534
3111512
31115121315
311151215
3111512211
3111512212511
3111512225121
3111512251
311151225111134
3111512341
311151251124
311151251254312
3111512522111234
311151344
31115134432511234
311151452444425121
311151512454
311151515
311151525
3111515534
3111521251
3111522
311152254121
311152343
311152432511
311152432534
3111524345251121
31115243511
3111525111
311152511153
3111525111535
3111525112
311152511211
3111525113533
311152512
3111525121
3111525122511
31115251251
311152512534
311152522135251214
3111525221354
31115252515
311152534
31115253422
31115311234
3111531134
31115312
3111531212211
311153121251
31115312135
31115312154
31115312344334
311153123453
31115312511211
31115321113554
31115322
3111532411121
311153241112153
3111532511
311153251111234
3111532511252
311153354
31115341121
31115341234
311153434121
311153445
3111534454
311153511
3111535234
3111535251
311153534
3111535351
31115354
311153541
311153541112
31115354251
311153551
31115355112
311153554
31115412354124
3111541251251112213534
311154125125251
31115413122154
311154134315112234
31115413434
3111541351125112
31115413522115354444
311154143112
3111541431251135
31115414313
311154143454153
3111541554
311154252511
31115431121134
31115431234531
311154325135
311154351523
3111544512134
311154453434251
31115445531
3111551111254
31115511534
3111551312251
311155211
3111552125221
311155215
3111554112
31115544
3112
31121
311212
311212152
311212512153
311221234
31122221354152
311222214444
311234
311252121
31125212225125132411121
31125212341
31125222
311252223112
31125222413534
3112525134
311311112
311324111212511135
311324111213534
3113241112153
311325111
311334533112
31134
311341251431
311341515
31134251
311342512511
3113431234531
31134313425125251
31134313432
3113432411121
31134454
3115
311511212511
31151225135
31151555121
311521251
3115251125221
3115251341
3115252
311534
31153453
311535444
3115415334
3115431112
3115431234
311543344334
3115445531
311551111254
311551124134
311551532
311553
311554121
312
3121
31211
3121121
3121121124
3121121252212511134
312112251
3121125351
312112544134
312113412512
312114544
31212211
3121221152
3121251
312125121112111
312125135451
3121251454
312125152
312131121
31213115
31213134
312135
312135154
3121353121352511134
3121353121352534
31213533
312135454
31214125125251
31214311213123415534
312151111254
3121525
3121534
312153432511154444
312153435451
312154
31221135
3122113534
312211353422
312251
31225111342444
31225112211
31225122
3122513134
3122513251114544
3122513515
3122514143112
312251454
3122515
312312
31234
31234112
3123411212511134
3123411234
31234121251
3123412134354
312341223241112154
312341225111134
31234125112144544
312341251124544
312341354252
312341354352511
3123414312
312342121131233534
3123422
31234221234
31234223112
312342343
312342432511
31234251
312342511
3123425111
312342511121
3123425111234
312342511312511354
312342512
312342512134354
3123425134
31234252354
3123431134
31234312511211
3123432411121
3123432511234333
3123432511312
312343413252
312343424134
31234342413421251
312343425135
3123434431215114544
31234344322511
31234344325211
312343443321511
3123434454544
3123435
3123435121251
3123435132511134
3123435132534
312343523
3123435234
312343533424134
31234354354
31234355114544
312344125125251
312344325135
312344334
3123443344544
312344412
312344451353334
3123445434
31234521
3123453
31234531
31234531325113554
31234531454
3123453454
3123454
312454
312511211
31251121153
312511354
31254312114444
3125431211444453
3132
3134
313425125251
3134252
313432
31431411
314314111215
31431411123412212511
3143141113124
314314112
31431411212511
3143141122125211
31431411534
31431412112211
314314121124
31431412112525
3143141211254444
31431412132511
314314121354
3143141213541
3143141213541234
31431412151211251124
31431412211134
3143141221113453254
31431412212512134
31431412215
31431412341
314314123425111
314314125111255
3143141251234352511134
3143141251234352534
31431412512343534
31431412512531425221
314314125234
314314131251534
31431413534
31431415341534
314314153515352511
3143142231425221
314314231252
3143142432511
31431425111132
3143142511113454
31431425111134554234
314314251125112511
31431425112512531
31431425121
314314251212534
31431425122511
314314251251
31431425221354
3143142522155444432411121
31431431121
3143143115
3143143134
31431432124
314314321534
314314321554
3143143223134
3143143223541234
314314325111121
3143143251511252
3143143321531535
314314341251
31431434125125125125122132511134
3143143412512513434
3143143414431
31431434341211121111534
31431434435112
314314351143113424134
314314351153
3143143513344111251
314314352511
3143143533
314314354
3143143541112454
314314355112
3143144125125251
3143144134315112234
314314413434
3143144134522554
314314413452255432411121
31431441431
31431441431251121515111
31431441533131134
3143144252511
314314431234531
314314431251122
3143144411251124124
31431444132511
3143144425134
31431444525151
314314451325122
314314511112
3143145112321155212
31431451123234
3143145113
3143145115452
31431451523
3143145215
31431454251
314314543341251431
314314551
314314551353334
315
31511234
31525454
3154
315454
315521
3155414
31554143134
31554143134554234
31554144154325
3211
32111
32111251112511134
3211134112
321113424134
321113554
32111512511134
3211152511134
3211152511134112
32111525111344111251
3211212511
3211212511134
3211212534
321121533134
3211251251511134
32112512515114512535113453
3211253451125221
321134
3211343451145121
32113434511452511135
3211343451145521
321152
3211531
321154
3212
32121
32121121
32121121121135
32121124
32121251
32121251431251
32121252
321213
32121335
3212134
321214
3212143112
3212152
3212212511
3212212511121
3212213251
321221325112
3212213251124544
32122134
32122352513134
321224313
3212251
3212251111
3212251115
32122513134
321234
3212341
32124
321251
3212511214124
321251124124
321251134
32125115315
3212512
321251211251211
32125134
32125221
321252212511134
3212523434
321253434
321254
321254125441352211535
321254254
3213121
3213251
32132511
32132511454544354
3213252
32134
3213412512
3213425115
321343434
321344
32134432511234
321354
32135422
32143134
3214524444132522
3215
321511
3215111213554
3215112512153
321511254
32151134
32151135
3215115445445
32151154454452511445531
321511544544525121
3215122151234
321512544134
3215132511134
3215132534
321515
321523
32153135
321532511312
32153354
321534
32153515352511
32153532511
32154
32154121
3215412122
321542511134
32154252
321542534
32154254312114444
32154413534
321554
322
3221112111
3221251
3221251112
32212511134
32212534
322132511134
322132534
32224314311134
3223134
32231344544
3223541234
3223541344
3223542511
322354333
3224
322432511
3224325251
32243451154
32243452512511134
322434525135
3225111
3225111134
32251113422
3225112
322511211
322511234
322511234121
3225112344334
3225112511
32251125214
32251135345
322512
3225121
32251211534
32251212512125121
322512134
322512211311534
3225122511
32251251
322512511351221113134
3225131134
32251325
322513251
32252
3225232411121
32253422
323112
32311234
3231134
32312
323121
3231211
3231212511134
3231212534
32312135
3231214544
323121534
323123422
3231234531
323123454
3231251113533
3231251121153
32313425125251
32313432
323153
323155414
3232151135
3232511
3232511312
32325113554
3232534134354
323354
32341251122
3234125122
323412512513434
323414431
32341534
323432
323434251
323435
323443521
3234454
323453
3235
3235112
323512
3235121251
32351252
323513344111251
3235154
3235234
32352344544
3235251
32352511134
3235251353334
32352534
323541521234
32354354
3235444
323552
323554234
3241112112
324111211234
32411121251
324111212525
324111213241112154
324111214444
32411121454
3241112153
3241112154
324111251
32411125112132511
3241121
32412514512
3241332124
32413434
324134343134
324135
3241351125112
32413534
3241431
3241431251
32414312511211
324143125114544
3241432533543112
324143454153
324153
32425
32431112
3243112
324311213121534
32431132
3243113455
32431234531
32432524312511
324334
32434
324354
32435554444
324451
3244512
324451353334
3244525151
3244535
324512132511
32451325122
32451332411121
32453534
325
32511
325111
325111121
325111121454
3251111234
3251111254
3251111344
32511125121132
32511125121132112
3251112512113235251
3251113
3251113124
325111312512512515
32511131345
325111324325251
3251113351234
3251113412
3251113412541541
3251113515
325111445344153454
3251114544
3251115
32511151234
3251115252
3251115413534
32511154444
3251115444444535
3251121444425221
32511252
325112521251431
32511252515
325112534
32511255115115341
325113
32511312
325113121251
3251131252
32511325113554
325113354
32511354
32511355135
325113554
32511355411234
32511355425431415
3251135544412
3251141341234
32511413434
3251141533134454
325114451135
32511454
325114554
3251154444
325115444452
325115545541234
32512115154
3251251
325125214
325131134
325132514143112
3251352252
325135251
32515112
3251511252
325151212151145252
325151252
325151454
3251532
3252
32521
32521251152
325221
32522112143112
325221323334
32522143112
3252215211
32525
325251
3253
3253251
3253341
32534
325341
3253431234115
3253431234134
3253541
3254
325425112
325431134
325431234115
325431234134
325432411121
325434
325434354
3312
331225111
331225111454
33122534
331233122511134
33123534
33124
3312454
331251
331251454
331312511211112
33155
332112
332121121112
332121124
33212121
3321212134
332121214544
332122522114544
33212252214544
33212344112
3321251251112
33213434234
3321431234
3321531535454
3321553
3321555121
33221112111
33221212134
33224325251
33225111124
332251112511132411121112
332252111213134
3322521112131344544
33225211213134
33225212543121144443134
3322521353134
33225215542343134
332252511
33231115112
332311212152
33231121215211234
332312511354
332325111121
3323251141533134
332331225111
3323411234
33234112431112
33234342134
33234342134122111
332343421344544
332352511
3323525121134112
3323554
3324
33241121
3324143454153
3324153
332415425113134
332431112
3324312134
332441112
3324411124544
33245215
332511112
332511534
33251532
3325212511252112
332521251152112
33253254
33254121
332554354
333132511134
333132534
3351153554
33513312
3354
335414
33541412512
33541412512531425221
335414125351
33541425112
33541425221
3354142535
335414312154
335414321511254
33541432511
3354143445113251
3354143455
33541435251
3354143554
33541435541234
335414355413251
335414355425221
3354144135
3354144153
33541441554
33541444535
33541452125221
33544
3354454
34
341121
34112251
341122511251124
341122515452
3411234
34112342154
341123425121
34112343134
34112344412
3411234454
341123454
34112431
34112431111253134
34112431111534
3411243111213534
3411243111214
3411243112
341124311212511121534
34112431121315
3411243112132511
341124311215
3411243112151211251124
3411243112211
3411243112212511
3411243112225121
341124311223241112154
341124311225111134
341124311251112454
341124311251124
3411243112512531425221
3411243112512554121
3411243112522111234
34112431125431234
341124311344
341124311355
341124311452444425121
341124311515
341124311525
3411243115341534
3411243122
341124312343
341124312432511
341124312432511134
341124312434525125121
34112431251
341124312511153
3411243125112
341124312511211
3411243125112512531
3411243125113533
3411243125121
3411243125122511
34112431251251
341124312521251431
341124312522112143112
341124312522135251214
341124312522155444432411121
341124312534
3411243125431252
3411243125525251
34112431311234
3411243131134
3411243131212211
34112431312135
341124313121353121352511134
341124313123453
34112431312511211
34112431321113554
34112431322
3411243132411121
3411243132511
341124313251111234
3411243132511252
34112431325151454
34112431341121
341124313411243134112431
3411243134125125125125122
341124313425135
34112431344311354
341124313445113251
3411243134454
3411243135251
341124313534
3411243135352
34112431354
341124313541
341124313541112
34112431354251
34112431355112
341124313554
3411243141251251112213534
341124314125125251
34112431413122154
341124314134315112234
3411243141351125112
34112431413522115354444
341124314143112
34112431414312511211
3411243141431251135
3411243141431331121
341124314143454153
34112431415435
3411243141554
34112431431121134
341124314315112234
3411243144512134
341124314453434251
3411243151111254
341124315112321155212
3411243151124134
34112431511534
3411243151312251
341124315211
3411243152125221
3411243152133544124
341124315215
34112431544
341154
34115422
34121
34121251
341212511251124
341234
341234112154
34123422
3412343554
3412344112154
341234422
341251
341251122
3412511222511135
3412511222535
341251122454
3412511224544
341251132511134
341251132534
34125113534
34125122
341251251343422
34125125134343134
34125125134343534
34125125221
3412513112
34125132511154444
3412513422
34125135451
34125141431251121515111
34125152
3412515415413534
3412524312511
341252431251122
34132511
3413252
34135213134
3414431
341443122
34144313134
3415
341534
341534132511134
341534454
342
342121
3422
3425135
342534
34253434
34312
343123425121
34312342512152
343123425121541541
34312342522112143112
34312344544
343123454112
3432
3434
34341
3434112431
3434121
343412122
3434122111
343412211152
3434251
343425111
34342513534
343425135344544
343425152
34343312
343434
343434343412
3434354354
34344544
343452
34345215
3435
344134522554
344311354
344312
34431234
34431234333
344312421531535
34432511135
34432522151154124
34432535
344331125235451
34433112523554234
3443311252454
3443321511
344335554444
3443451354
344345354152
3443454544354
34434554
34435112
3443521
34435215
3443531
34435331222511134
344353312225121
3443533123
3443533321234
34435333251135
34435333251135454
34435333253411535
3443533354
3443533511234121
34435335115344544
344353353251
3443542554544143112
3443542554545
3443554134
344355413432411121
3445
3445113251
344511325122
344511534
34451154121121121135
34451154122111
344511541525
3445115415341534
3445115425111535
3445115425112522154
34451154251211534
34451154251212511134
34451154251214
344511543121
344511543121534
3445115431252
34451154325251
344511543354
344511543411234
3445115434132511
344511543443531
3445115435
3445115435251153535251354
3445115435321511
344511543534
344511543545325121
3445115435515
34451154413434
34451154431112431251
344511544311135211
34451154431132
3445115444525151
3445115451251
34451154515515122134
34451154554554134534
3445251
34452511134
3445251132511134
3445251132534
34452534
34454
34454132511134
34454132534
3445413534
344541554
3445452
34454541541
34454544
3452
345235
3453
3453132511134
3453132534
34532511134
3453252
345325221
34532534
34534544
3454
3454132511134
3454132534
34541554
3454541541
3455
345522
35
3511
3511111251113454
3511111253454
3511112
351111212511
35111134
3511121
351112111534
3511121251431333
35111215452
351112212511
351112213125125534
351112213513125125534
35111222511134
35111224511353334
3511122543112
351112343424134
3511124
35111245521
35111251124
35111251124124
35111251254312
35111252
351112522111234
3511125221531
35111254
351113241
3511132522111
3511134115
351113425115
35111344
35111353334
351113534
35111354
3511151534
35111555121
35112
351121112111
3511243135
351124345251121
351125111
3511251113533
351125112
3511251131121
35112512
3511251214544
35112512211311534
351125122134
3511251251
3511251251115
35112512512511234
3511251341
351131121
3511312511211
3511312511354
35113154
351132151134
3511325112534
351132511312
3511333534
351133544
3511341154
35113412512513434
35113412524312511
35113414431
35113425135
3511343425152
351135
35113511
3511351132511154444
3511351135451
35113513344111251
3511351355
351135154
351135251
3511352511
3511353452
3511354251
351135515
35113554
35114125251125111
3511413121
351141323544
351141332124
3511413432
3511413434
3511413452
35114135
351141431251121515111
35114143125114544
351141432533543211
35114143454153
35114153
35114155332411121
3511431112431251
351143112
3511431134
35114311341211254444
351143113424134
35114311344111251
351143113453
3511431134551
3511431234354152
35114325135
35114433452
35114451135
35114453212134
351144534121
351144535455
3511445531
3511453534
351145534
35115
351151111254
3511511534454
35115132534
35115215
35115254
351153
3511533
35115344
3511535353
351154121
351154154134333
351154251
3511555253415445445
3511555325341
35121251
3512125132411121
3512125132511154444
35121251333
35121251454
351234
35123422
35123432411121
351235451
351251124
35125125121
3513
35132511154444
3513344111251
351354
351355
3515
3515115
35152
35152511
35154
3515452
352121
35234
3523411214
35234454
35251
352511
352511134
3525111534
35251125115
3525121
35251211
35251211121121
352512111213352511
352512111354
3525121114524444511
352512111512454
3525121121112111
3525121121513
352512112511
3525121125111535
352512112511211
3525121125112522154
35251211251214544
35251211251251115
3525121131234
35251211312344334
3525121134454544
3525121135121251
3525121135515
3525121141251234
35251211413434
35251211431112
35251211431112431251
35251211431234354152
35251211511124
352512115115452
35251214444
3525121444411212511
35251214444121121
352512144441213352511
352512144441225125112512511
3525121444412522111234
35251214444132511
352512144441354
3525121444414524444511
352512144442153152512125221
352512144442511
352512144442511211
3525121444425112522154
35251214444251214544
3525121444431234
35251214444312344334
3525121444434454544
3525121444435121251
35251214444352511
3525121444435515
3525121444441251234
35251214444431112
35251214444431112431251
35251214444431234354152
352512144445115452
3525134
3525135
35251353334
35251354
35251354354
35251354454
352513553
352534
352534132534
352534134
3531121
35311212511
3531121454
3531134511112
35311345452134
3531212513534
35312132511
35312212511
35312225121
35312225125132411121
3531223241112154
3531234132511134
3531234132534
3531251234352511134
3531251234352534
35313412512
353134315233534
3531343434
353134432511234
3531354
353143134
3532151143344334
353231252
35325111
35325111121
3532511134
3532511154444
35325112
3532511211
35325112511
353251131121
353251211534
353251212511
353251214
35325121425111134
353251214312251
353251214321511254
35325121454251
3532522135251214
3532534
353255452511
3533
353322
353325131134
3533251511252
35333544
35334
35334435112
35334544
35335251
353355112
3534
35341112511344
353413
35341312212512134
353413434
35341343412
35341431251112
353425111134
353431253511
3534321511254
3534334
3534433443344334
35344512
353445124
35344545442522112
3534511534
353451344
353452
35351
3535112
3535112243135
3535112251214
35351122522135251214
353511231533
35351124412
3535112533112
3535112533112251214
3535112533112454
353511534
3535115452
3535122
35351513425234343434
35351532
35351535234
35352
35352125221
3535451
35355
353551
353555253415445445
354
3541
3541112454
3541234
3541333
354152
3541521234
35424
35424251
354251
35425121
354251214544
35425132411121
35431325111
35435
3543524
35435243443521
354354
35435435251
354413444444
3544311252454
3544334
35444
35444334
35445411234
35451
35451234
3545144535
3545252
35453
354532511134
3545325121
3545325121454
354532534
354533411243122
3545413534
3545532511154444
3545535451
354554544
3551
35511
355112
3551131344444
3551132411121
355114544
3551152
3551153254
35511534
355122111
3551222511134
3551245521
35515
355152
3551522
3551525
355153135
355215
3552335523
355233552332411121
355233552352
355233552353254
3552454
35525111535
35525112522154
355251212534
355251214
3553121
3553121534
35531252
3553153
355325251
3553354
3553411234
3553443531
35535
355352513544
35535321511
3553534
3553545325121
35535515
3554
355413434
3554234
355425115
355431132
35544525151
35551251
355515515122134
35554251
4
41111341134
4111251
411125111212511
4111251112154
41112511122125211
41112511132534
411125112
4111251121124
411125112121
4111251121251
4111251121252212511134
411125112132511
41112511214535
41112511214544
4111251122111234
411125112211154
41112511221122112
411125112212511121
411125112213251
4111251122151234
41112511222511134
41112511223241112154
4111251122415325
41112511234341
4111251124
411125112512
41112511251251
4111251125221251112
4111251125431234
4111251134115
4111251134334
4111251135534
411125114312
41112511523
4111251153532511
411125121112111
411125121531512512543121344
4111251215315151
411125125111
411125125111234
41112512511134
411125125112522154
4111251251135345
4111251251212511
41112512512125151454
4111251252
41112512522112143112
41112512534
41112513112
4111251311234
411125131211
41112513121251
41112513121353121352511134
4111251312251
41112513123453
4111251315
41112513155414
4111251321554
4111251322
41112513235
411125132411121
4111251324111214444
41112513251113124
411125133124
4111251331251
4111251341121
4111251341251122
4111251341525221
41112513425135
411125134333
411125134454544
41112513454
411125135121251
411125135125122
4111251351355
411125135154
4111251352511
4111251353251214
41112513544311252
41112513554
411125141121
411125141251234
411125141251251112213534
411125141251521
41112514134112213534
4111251413534251
4111251414312511
4111251414312511534
4111251414313333
4111251414345252
41112514143454153
41112514153
4111251415334
4111251431112
41112514311213121534
4111251431224312511
4111251431234454
41112514315112234
41112514325135
411125143344334
41112514334433454
411125144525111
4111251445315
4111251454
41112514543425221
411125145534
4111251512
411125151251
41112515134
4111251515
4111251521251152
411125153251
41112515344544
4111251541541
411125154154134333
41112515425112
4111251543341251431
4111251545232534251
41112515544445544441234
4111251554444554444251214
4111251554444554444252
41112515544445544443112
41112515544445544443134
411125155444455444432511154444
411125155444455444434112431
41112515544445544444544
4111251554444554444515
4111251554444554444521
4111251554554134534
41121
411211254444
4112112544444544
41121341213543534
4112134354
411213543534
4112343454
4112511234
41131251534
41135422
4115112531
4115234
412121
412121413534
4121344
4122341234
412234251214
412234252
4122343112
41223434112431
41223435451
4122344544
412234515
412234521
41223454
4123541234
412354124
4123541253511
412354134
4123542534
4124
41251112343534
4125112113534
4125113534
412512
4125121
4125121354
41251234
412512341354
41251234135432511154444
41251234135435451
4125123534
41251251112213534
4125125111221353433544
4125125251
41251252512154
4125135
412513534
412514512
41251451353334
41251452512511
41251453115
4125145315
412514535
4125152
41251521
412515213134
41251521354
41251521354121
412515213544444
4125152135451
4125152152
41251524444
41252
4125251111234
4125251125111132511134
4125251125111132534
41252511251113115
4125251131234
412531
412534
413
41312
413121
413121251431124
41312135
4131221111121122522114544
413122111343312
41312212512134
4131221251213452
4131221252
41312214444
4131221444435451
41312214444454
41312215134
413122154
413122511123511
4131234
41312341234
4131234123413251
4131234123421112111
413123412343112
413123412343115
41312341234325113554
41312341234354
41312341234431234
41312341234554
413123425111
4131251112
4131325111354
413134
41313425115
41313534
4131512
4131535
41321251
4132153152512125221
413225112343534
413234
413234132
413234354
413234454
41323544
4132411121
413243252513134
413251113422
41325121
413312154
41332124
41332124253434
41332151134
41332324111212511
413323241112132511154444
413323241112135451
41332324111214544
4133434121
41335154
41335515
4134
4134112
41341121124
4134112121
413411212154
413411214544
4134112211
413411221251113432411121
41341122341251
413411224553
413411225111134132511134
413411225111134132534
413411251234352534
413411251431
4134112534
413411324251
41341134432511234
413411354
41341151
41341151534
413411555121
4134121112111
41341212135
41341215315151
4134124
41341251
4134125111
41341251113533
41341251125113511
41341251125221
4134125121132
4134125122511
41341251251251252
4134125152152
41341252
4134131134
4134131134251
413413123422
4134131234531
41341315
41341321511254
413413251113435
4134132511312
4134132522
41341331121
41341332252111213134
413413333
413413333132511134
413413354143554
41341341121
413413412511224544
413413432
4134134333
413413434121
413413445113251
413413455
4134135112
4134135251211431112
4134135251214444431112
413413525134
41341352534134
4134135311345452134
41341353251214
413413534
41341354
4134135444
413413545325121
4134135515
413413554
4134141343412
413414134342511
4134141431251112
4134141533444
413414251234
41341431112
4134143111344511534
41341431234531
41341431251121515111
4134143344334
413414412343
41341511534
413415131221343554
413415132514143112
4134152
413415215
413415234431215114544
4134152355114544
4134153251
4134153251253434
4134153254
41341533
4134154121
413415425112
413415432411121
413415434354
41341544251214
413422
4134251
41342513534
413431112
4134315112234
413432
4134321122
41343211234
41343222
413434
41343412
413434123432411121
4134342511
4134343134
41343452
41343453
4134425125431234
4134431
4134435112
4134454
41345115452
4134513
4134522554
413452255432411121
41345435
4134543534
4134544
4134554234
4135
4135112251
41351124134
41351125112
41351134
413511342511134
413511342534
4135121251
41352
41352211535
41352211535121
4135221153512211134
413522115353251113124
4135221153534112431
4135221153535
41352211535431234
41352211535431234354152
413522154544354
4135322345452134
413534
4135341554
413534251
4135342511134
41353425221
4135342534
4135342534251
4135344544
413534531
41353544
41354
41354154134333
413543341135
413543345153554
4135452
41355112
4141251234
414125251111234
414125251131234
41431
4143111212511
4143112
414311234
4143112342511135
4143112343312
41431131251234
4143113335444143112
414311341112514143112
4143113434143112
4143113454143112
4143113534143112
41431135514143112
41431135542344143112
4143121251
414312511
41431251112
41431251112333
414312511123541212511134
414312511123541212534
4143125111515111
414312511211
41431251121515111121
41431251121515111122111
41431251121515111122134
41431251121515111413534
4143125112512511134
41431251135
4143125113534
41431251135345
4143125113541
4143125114544
4143125115
41431251153251
4143125122
4143125135
41431251354143125135
4143125152
41431252132522
414313
41431331121
4143133112122
414313333
414313333132511134
414313333132534
41431353251214
414313533343554
414313534
41431531
41431541541
414315434354
414325122513234
41432512251454
41432533543211
4143253354321122
414325335432112342
41432534251
414345252
414345252251
4143454153
415
415134
4152511
41525111
41525135112511134354
41525135112534354
4152513511431112354
4152513511531354
4153
41533112211134
41533113412512
41533131121
41533131134
41533134
4153313534
4153313541
41533151335
41533152134
415331521454
415331525
415334
41533422
41533444
41533453
41534153121
41535111121
415412211234
4154132
4154251
41542511
415435
41545233534
4154544
41551
41551515
415531
4155332411121
4155332411121121
41553324111211554
41554
4155425121
41554413412
41554453112
425
425111
4251121
425121121
42512132511
4251215425221
425122111
425123
4251234
42512511534
425125431234
42513425115
425251
4252511
42525112
425251214
425251251
425321534
42534
42535321511
425354251
42541252
4254134
425415334
4254315233534
42543251112
4254325135
425441312251
4254511534
4254544
42551221113134
425521
425543341134
425551
43111
431112
431112431251
431113121
4311131555121
43111325111
431113251135345
43111334454
431113432
43111344511534
4311135
4311135211
43111354121
431113541541
4311135434354
43112
431121134
43112125221
4311213121534
4311213123415534
431121413534
4311214413534
4311214444
4311214444431121134
4311214544
431121531
431132
4311321554
4311322
431132454
431133354
431134
4311341353334
43113425111
4311343112
431134454
431134515
43113452
43113453
43113455
43122431
431224312511
431234
43123411212511
431234122134
431234122513511
4312341251134
43123412512212511
431234134
4312341344132511134
43123414524444132522
43123421251
43123425111
43123425111234
431234251112511211
43123425121122134
43123425125112141241
431234252
4312342522112132511
4312343121251454
43123432511
4312343251111344
4312343354
4312343453
431234354152454
43123435415252
43123435415255
431234413121
43123441343412
4312344135112251
43123441351124134
43123441431
4312344311214444
431234431554554
4312344412
43123444511234
4312344511534
431234454
431234521
4312345215
431234531
4312345313134
43123453312
431234545231234
431251122
4312511224444
43125112253
431251122541541
431253511
431253511124
431253511124454
431253511134
4312535111344
43125351113452
431253511454
431325111
431325111212151534354
431325111454
431325111454124
4313425221
431353334454
4315112234
43151122343534
4315233511
4315233511121
431523454
431554554
4315545544544
431554554521
432
43251112
4325111252
43251211251
4325135
432514544
43252343134
43252343134132
43252343134135435
4325234313425111
432523431342512134
43252343134252
4325234313435251211
4325234313435251214444
432523431344544
43252343134515
432524312511
4334
43341152
433412
4334121
4334121121121135
433412122135
4334121315
4334122111234
43341221122112
4334122134
4334125221121
433412534
4334125431234
4334132511134
4334132534
4334134432511234
43341515
43341525
4334153135
433415534
433421251112
43342135454431234
43342153152512125221
43342343
43342511112
4334251112213424134
433425111535
433425112511125431234
4334251125114544
4334251141431
433425121
4334251211534
4334251214
43342512512511234
433425134
4334251341
4334252
43342522135251214
433425251
433431211
433431254312114444
4334321113554
4334323512
4334325111121
43343251114544
4334325115545541234
4334341154
43343412524312511
43343413252
4334343123425121
4334344311354
433435234
43343525134
4334352534134
433435321511
43343534
4334354
43343541112
4334354251
4334354413444444
433435515
433441121
4334412515213134
43344135
433441431251
4334414312511534
433441432534251
433441554
43344254544
433443111
4334431112
4334431353334454
43344334
433443344334
4334433443341234
433443344511214
43344334451234
4334433445251214
4334433445251251
433443344532511154444
43344334454334
433443344553
4334433445554234
43344451135
4334445125111
43344453434251
43344513
4334451325122
43344513541541
433451121444425221
43345134
4334513444
43345135251
4334521251152
4334533
433454121
433454154132411121
433454154132511
4334543341251431
434
434242
4351145252
4351523
435152322
435152332511154444
435152335451
4351523454
4354
435554444
4411112
4411112355215
441111253554234
4411113124
441111341134
4411113431234
441112
4411121
44111212511
44111212511134
44111212511355112
44111212534
4411122125211
44111234
441113411342511
44111342444
4411135
441115
44111534
44112
441121
441121121
441121121121135
441121251
441121251431124
441121251431333
441121252212511134
44112132511
44112132511154444
4411213312
44112134354
44112135451
44112151211251124
44112154
441122111
44112211134
441122111345
44112212511134
4411221251113432411121
44112212512134
44112212523434
441122125252
4411221253434
44112212534344544
441122134
441122134515
44112215
441122245252
4411222511134
44112225125132411121
4411224511214
4411224511353334
4411224553
44112245554234
44112251
4411225111134
4411225111234541541
441122511123511
4411225112321155212
44112251123234
441122513511
441122543112
4411234
44112341234
441123412342511
441123425111
44112343312
44112343424134
44112343454
44112344
441124552153
441125111
44112511123312
4411251112454
4411251124
4411251124124
44112512
44112512212511
4411251234132511134
4411251234352511134
4411251234352534
44112512343534
4411251251
44112512531425221
4411252
44112522111234
441125221121
4411252211234
441125221251112
441125351
4411253511
4411254125441352211535
44112544134
44113121121
441131251534
4411314334534
44113221545252
4411324111215
4411331234312342121
4411332511234
44113425115
4411344
441134432511234
4411353
44113533434
44113534
4411431234
441143134
441145244441221251123511
44114524444132522
44115
44115112531
441151234
4411512454
44115151234
44115213312
4411525
441153135
44115341534
441153515352511
4411553
4411554554121
4411555121
4412
44121123454
4412121233
4412121233132511134
4412121233132534
44121212343
44121214134
44121251
44121251112
44121253444441
44121451343425111
44121513
4412153152512125221
441215315251214544
4412153154544
4412231425221
4412343
44123433112
441234335251211
441234335251214444
4412343413534
4412343531
441243135
4412432511
44124325251
4412511
44125111
4412511121
441251112213424134
441251112343
441251113415341534
441251113422
441251113533
44125111353325221
4412511135334334
44125111535
4412511211
441251122431
441251125111121
44125112511125431234
441251125112511
441251125221
44125112522154
441251135345
441251141251234132511134
441251141251234132534
4412511521
441251153
44125115545544444
4412512
44125121
4412512121354251
441251212511
441251212511134
441251212534
441251214
44125121554234
4412512211251431
4412512211311534
44125122511
441251251
4412512511
4412512512511234
4412512534
44125134
44125135
441252
441252132522
4412522112143112
4412522135251214
4412523445
441252511
441253411534
4412534125221
441253422
44125351
44125525251
441255452511
441311234
441311311112
4413115
4413121251
441312135
441312155212
441312251
441312344334
4413134
4413155414
4413212134
441321511354444
441321554
44132224314311134
4413223541234
44132411121
4413241112112
44132511
441325111121
4413251111344
4413251141533134
441325431234134
4413312
441333534
44134
4413411234
4413411234121
44134112431
441341251
441341251122
44134125122
44134132511
44134144313134
441341534
44134312342
441343123425121
4413434251
4413435
44134433121
4413443321511
44134435112
4413443521
4413443554134
4413445113251
44134454
4413452
4413453
4413454
4413455
441351234
4413513344111251
44135251
441352511
44135251211
44135251214444
4413525134
441352534134
44135311252
44135312132511
44135313412512
441353425221
441353452
441354
4413541234
441354251
4413545325121
441354533411243122
441355112
44135515
4413554
44141112513112
4414111251554444554444515
44141121
4414122341234
441412234515
4414124
44141251234
44141251451353334
44141251521
441413122154
44141323544
4414134
441413422
44141342513534
4414134315112234
441413432
44141343211
44141343412
4414134522554
4414134543534
4414135112251
44141352211535
44141431
44141431251
44141431251112
441414312511211
44141431251121515111
4414143125115
44141432512251
44141432533543211
4414143454153
4414152513511531354
441415331521
44141533152134
44141533444
441415425113134
4414154325
441415432534112431
44141554
4414251121
441425125431234
4414252511
441431112
44143112
44143112145534
4414313425221
4414315233511
441431554554
441432524312511
44143344334
441433443344511214
441434242
4414351523
44144511234
4414451135
44144512
44144512134
44144512332511134
441445125111
44144512512134
4414453212134
441445321511354444
441445343123425121
4414453434251
44144535
4414454143112
44144545442522112
4414511534
441451251112
4414513
4414513134
44145131344
44145132515215
44145151
441451512
4414525114134
441453112
44145341234
4414535
441453534
44145434
4414544
44145534
441511112
441511124
4415114554
441511541535
441512
4415131221343554
44151312524444
441513154121
44151325222
44151335
4415134
441513521521521
44151512111534
44151513425234343434
44151515
4415153154
44151532
4415154151541
44151554
441521325111
441523411234
44152413452
441525
441531
44153251
44153254
44153254531
441533
4415334334
4415342121
44153441234
4415344431234
44153453421212121
4415354
44153544
44154
44154112
44154121
44154134333
44154154132411121
44154251
4415425112
441542511253
4415432411121
441543341251431
441543345153554
4415434354
44154545434333
44155
44155132411121
44155525121
44211212511
4421121554234
442113434345
44211431345
442115453
44212111534
442121124
44212121
442121222511134
442121222534
44212143112
44212154
442122111122111122111
4421221115454
44212212511
442122252214525111
442122312511211
442122415325
44212251
4421225111134
44212344
442124
4421245521
442125111
44212511123312
4421251234
4421251234352511134
4421251234352534
4421251251
44212512554121
4421252211234
442125441
442131212511
4421312515344544
4421324
44213252
442134334
4421354
44214312
44214524444132522
44215112531
44215213312
44221112111
44221251112
442243135
4422432511
4422511112
44225111134
442251112511132411121
442251125114134
44225112522154
442251131121
44225113533
442251141251234
4422512
442251251
442251251115
442251251251112
44225134
4422521251431
442252132522
442252214153
442252515
442253422
44225431415
4423112
44231121
442312
442312251
44231234521
44231251121153
4423154
4423155414
44232411121
442324111214444
44232511
442325111121
442325113554
442325221
442325431234134
4423312
442341251
442341251122
4423425135
44234341211121111534
44234454
4423454
4423455
44235121251
44235334544
4423535112533112
442354251
44241251234
44241251521
4424125221241343534
44241321251
44241343412
442413452
44241351124134
44241351125112
442414312511211
4424143125114544
442415
4424254134
442431234354152
44243251112
4424325135
442432524312511
4424351523
4424433452
44244535455
4424535
4425
442511534
442511541535
4425134
44254121
44254134333
44254251
44254545434333
44255212511134
44255212534
442555325341
443134
443134112
4431343112
4431344111251
4431351221113134
443251112
4432511121534
4432512112511344
443451234
443452511135
44345251251
443452535
44345521
4434553
4444
4451112251
445111225122
44511122513434251
4451112252214544
44511134
445112
44511213112522511134
44511214
4451122134121
44511221341234
44511221342511134
44511221342512134
44511221342534
445112213444
4451122134551
44511234
4451135
44511352154
44512
44512134
4451222511134
4451222511135
44512225111354
4451222535
44512332511134
4451234
445124
445125111
44512512134
445125125
445125125121
4451311534
44513251
445132511
44513251113453
44513412512
445134432511234
4451353334
44513534
4451354
445154121
44521123454
4452432511
44525111
44525112
445251125214
4452511531
44525121
445251251
4452513251
44525151
4452522112513534
4453112
445312135
445315
4453212134
44532132511
445321511354444
44534
4453411342511135
4453411342535
44534121
4453412115
44534121252212511134
4453412544134
445341344
445341523
44534154121
445341553
4453425111234
445342512512
445342512534
44534252
4453425525251
44534311252
4453431211
445343121251
445343123425121
445343215115445445
445343251113515
445343251141533134
445343253541
44534341534
4453434251
4453434312342125342554
4453435
44534414312511
445344311214444
44534431353334454
44534441121121
445345113251
4453451352252
44534515
4453452354131121
4453453
44534544544
4453455453
44535
445354251
445354251132511134
445354251132534
44535445411234
44535455
4453545522
4454125114554
4454143112
44541431251121515111
4454334
44544134
44545434
44545434251214
44545434252
445454425112
44545442522112
445521311234
44552135114554
445531
4455311234
44554154134333
44555212511134
4511212511
45112154
451132
451132534
451135124
451152
4511534
4511543511
45115452
4512
45121
45121124
4512121
45121251
4512132511
45122111234
45122111345
4512212511121
4512213251
45122151234
451222511134
451222511134252
45122415325
451234341
45124
451251112
451251112454
4512512
451251251
45125125121
45125221251112
45125431234
4512544134
4513
4513134
45131344
451321112111
4513251
45132511
451325122
451325122454
451325122541541
45132513134
45132515215
45133134251
45133134511112
451332411121
451332411121132511134
45134153
45134334
451345
4513533434
4513541541
45135534
4514312
45151
451512
451523
45153532511
45211
4521112111
45215315151
4523411213534
4523411234
4523412112124
4523412132511
4523412154
4523412225221134534
452341234123411234
45234124
452341251124
45234125125121
452341311534124
4523424
452342434525125121
45234243511
4523425111
4523425111234
452342511211
45234251135345
4523425121
45234252215425113535
452342534
45234312511354
452343134
45234321344
45234322511234
4523432511312
452343321531535
45234333
452343434251
452343445
452343515
4523435515
452344131251112
452344131512
452344143112342511135
452345113251
45234511534454
4523451312251
452345134
45234515251251214
4523453
4523453254
4523454154132511
45234544
45241113124
45241152
4524121
4524121251431251
452412151211251124
452412154
452412211134
452412251
45241225111134
4524125125121
452413251
45242121
4524212511134
4524212534
452425111
45242511135
452425112
45242512211251431
4524251251251112
45242512534
452425135
45242535
452425525251
452431211
45243312
45243515
452435154
452435234
4524431112
452443251112
452445434
45245
452451124134
452451251
4524515
452452
452455124134
4525111
4525111234
452511134
452511134252
4525112522154
45251135345
4525114134
45251212511
452512125151454
45251251115
4525134
45252
452534
453112
45311234
4531211
453121251
45312251
453123453
4531234531
4531251134
45315
453155414
45321554
45322
453235
4532411121
453241112132511154444
453241112135451
45324111214444
453251113124
4533124
45331251
4534
4534112
45341121
45341251122
4534333
4534341211121111534
453435
453443311252
453454
4535
4535121251
45351355
4535154
45352511
4535251354
45352513544
4535321511
453534
45355112
453554
454
4541251234
4541251521
45413534251
45414312511
45414313333
4541432512251
45414345252
454143454153
454153
45415334
45431112
45431224312511
45431234454
454313425221
454315112234
454325135
4543344334
45434
4544
4544525111
45445315
454543425221
45512
4551251
455134
45515
4553251
45534
455342511
4554112
45541541
4554154134333
455425112
455431134
45545232534251
5
51
511112
51111254
5111212511
51112125111
511121251124
511121251211
51112125121122
511124
51121444425221
5112321155212
51123234
51124134
5112413422
51124134454
5113
5113251
5113251431112
511325152
511352
5114334
51145252
511534
511534121
511534454
5115344544
511541535
51154153525111
5115452
512115154454
51221113134
512211131344544
512251214251214
512454
51251
513
51311234124
513112341244334
513112341244544
5131154
51312132511
51312152
5131221343554
51312213435542511
51312215
5131221534
51312251
5131225122
513135435
5131535
513154121
513241342522135251214
513241343112
513241343112454
5132432511
51325112512531
51325121
513251252
5132514143112
513251414311211214
5132514143112121
51325141431121234
51325141431122511
51325141431123112
51325141431124111251
5132514143112454
513251414311253
51325222
5132534
5133115
513325125214
51333212215
5133321254
513332312511354
51335
5134
513425111
513425134
513431112454
513431132
513431234
513431234531
513432524312511
513444
51344534
5134454
513521521521
51352252
5135251
515
51512111534
5151211251211251211
515122111
515124
515132
515132511515
51513425234343434
51515
5151531344544
5152
515251251214
515251251251112
5153134
5153154
51532
515322511134
515322534
51533544
51535234
5154151541
51541554
515431234515
51543125112253
51543251112
515443251112
5154544
515515122134
515515122134454
515525
51554
51554251214
52
521
5211
52111534
5211234
5211252
521132
521135
52114524444132522
5212
521212134
5212134121
5212134354
521214154325
521234
521234454
521251112
5212511234
521251152
5212511523443321511
521251152454
521251152534
5212512
521251254312
52125221
5212522153
52125345
5213121
5213121134
52131212511
52131212511121
52131212511454
5213121413534
52131234341252511
5213134
52131344
52131534
52132511
521325111
52132511121
52132511454
52133544
52133544124
521335441241234
521335441241253511
52133544124134
521335441241344
521335441242534
521342511
52134251214
521343434
5213531
5213534
52135515
5213554234
5213554234454
521415334
52143134
5215
521512
521521
5215234
521535121
52153532511
522121233
5221251214
522342511234
522511
5225111
52251113533
52251125214
52251211534
522512511134
522512534
52251541
52252
5225211234
52312
5231212211
523132121
523134
5232124
52325111121
523354
5234
523411234
5234121
523412512513434
5234125134
523414431
523432
5234431215114544
5234435114544
5234451154
523511
5235311252
5235321511
52354131121
52354152
5235445411234
52355114544
52413452
5241431251
5241431251112
5241431251121515111
524153
52431234354152
524313425221
52431353334
52431353334121
52431353334454
524451135
5244535
52454
525
52511534
5253254
52534
525341
5254
53
531
531112
53111212511
53111213534
5311122125211
53111234
5311132
5311135
5311154
531121121
5311211254444
53112121154444
531121251431251
531121335
53112155121
531122111234
5311221122112
5311221251211354444
531122431
53112251
5311225125
53112512343134
531125125
5311252
53112522111234
5311254
5311311534
5311345
53114524444123425111
53115112134
531151534
531153135
5311535
531154121
5312343
53124345251252
531251
53125111
531251112134
5312511134
53125112511
531251125111234
53125112522154
5312512115
53125121554234
5312512511
5312512534
531251341
5312514544
5312515134
531251554234
53125221
5312522112513534
53125525251
53131121
531311222214444
531311234
5313121
5313121534
5313134
531313425125251
531313432
531321511254
5313251114544
53132511312
5313253411535
531341534
531344311354
53135152511
5313523
53135234
5313525135
53135351
53141251251112213534
531412514512
5314125251125111
53141312341234
53141312341234354
53141312341234554
5314134112213534
5314134131134
531413434
53141432512251
5314153
5314251234
5314315112234
53143251112
5314351523
53144512332511134
5314451353334
53144525112
531445315
5314453212134
531445343123425121
53144535455
5314511534
5314513
531511
531511352
53151145252
5315133115
53151335
531515
531521
5315211
5315212512
531521325111
531521342511
531525
53153
531531531
53154
53154251
53154252
5315434
531544544
53154515
5315452
5315453
531551
53155414
53234
53251
53251115132125
532511211254444
532511234
53251214
532512511134
532512534
53251413534
53251454
5325152
5325153
53251551
53254
53254132511134
53254132534
5325435515
534
534353432
5344
5344544
53454
53521
5353532511
535425221
53544
54
541
54121
54121132534
5412153
54124
541244544
54132
54134111
54134333
541534
541541
541541132
54154125121122134
54154132411121
541541324111211534
54154132511
541541343331534
54154141343412
54154141431
54251
5425112
5425112454
54251124544
542511253
5425113535
54251135354444
54251135354544
542514544
5425152
542535
543112
5431134
54311343534
5432411121
543341134
543341135
543341251431
54334125143135
54334125143152
543345153554
5434
543435453254
5435
543534
5435451
544
544134
544251214
54511534
5452
5452132511134
5452132534
54523
545231234
54523313432511154444
54523313435451
545233134531
545233134551
545233445
5452335453
545235251353334
5453
5454
545454121
5454541234
5454541234132534
54545434333
5454544525111
55
551
551111352
55111212534
551113534
5511152
55111534
5511154
551121
551121251
55112132511
55112134354
55112211
55112211134
55112211154323334
5511224312511
5511225111134
551124
5511251124124
5511251211251211
55112522111234
5511254254
55112544134
551131251534
551132522111
551134
551134115
55113412512
551134432511234
5511345
5511525
551153135
5511535
55115534
55121112111
5512113525121122134
55121251112
551223142535
5512343
5512413422
5512432511
55125111
551251112134
551251112343
55125112
551251122111
55125121
5512512115
5512512125151454
55125121554234
5512512511
55125125115
55125134
5512534
55125342534531
55125351
551312
5513123453
551313432
551321113554
55132124
551322
551323512
55132411121
55132511252
5513251141533134
551341154
551341251
5513414431
5513434
5513435
551344311354
55134434554
5513443531
5513453
55135113511
55135121251
5513515
55135251
551352511
551353334251214251214
551354
5513541112454
5513541234
551354152
551354251
55135444
551355215
55141121
55141251251112213534
5514132511211
5514134
551413434
551414345252
5514153
551415334
551415435
551431112431251
55143112
551431132
55143113455
5514312345
551431234531
551431234554234132
5514313425221
55144511234
55144512134
55144525151
5514453212134
55144532132511
55144535
5514513
551451325122
5514525111234
55151124134
551515
55152
5515211
551525
55153251
551534
55154
55154112
55154121
55154154134333
5515434354
551544251214
5515452
55154545454
551551353334
55212511134
55212534
5524
553
5531
553344511534
55345115452
55345115452325251
55345115452344511534
55345115452414312511
5535115452
554
55414
554234
554444111352
55444411212511134
554444113534
5544441154
554444121
554444121121121135
554444121251
554444121252212511134
55444412132511
55444412134354
5544441214535
55444412211
5544441225111134
554444124
5544441251124124
554444125125314252212511135
554444125431234
554444131251534
554444132522111
55444413412512
554444134432511234
5544441354
5544441525
55444415341534
5544441541213134
5544441555121
55444421112111
55444421251112
5544442343
55444425111
554444251112134
55444425111342511134531
55444425112
554444251122111
554444251125115
5544442511251211511
55444425112512534
55444425121
5544442512341
5544442512511
5544442522112143112
55444425235113511
5544442534
55444425431252
55444425431415
554444321113554
55444432411121
55444432511252
554444325112534
5544443251141533134
55444432535414544
55444433234342134
554444341154
554444341251
55444434125122
5544443412524312511
55444434341211121111534
554444344311354
55444434431234
55444434434554
5544443443531
5544443453
55444434544544
55444435121251
5544443515
554444352511
55444435251153535251354
554444354
5544443541112454
554444354152
554444354251
55444435444
554444355215
554444413251121134121
5544444134
554444413434
554444414312511534
554444414345252
5544444153
554444415435
55444441554
55444441554453112
554444431112431251
55444443112
5544444312345
55444444511234
55444444512134
55444444512332511134
55444444532132511
554444451325122
5544445112321155212
55444451124134
554444511353334
554444515
55444452
5544445211
554444521251152
55444453251
554444534
554444535215
55444454121
55444454154134333
5544445452
55444454545454
55444455124134
554444551353334
554444554234
55444455455415545545
5545
55453
554554125121534
554554134534
554554155455453312
5551511123422
55525111234
55525121
5552515215
555253415445445454
5554334
555454
55551
